# oST version 5.0 parameters


[image]

width
640

height
480

[narrow_stereo]

camera matrix
622.998973 0.000000 323.746642
0.000000 625.071012 221.831340
0.000000 0.000000 1.000000

distortion
0.127350 -0.252344 -0.002006 -0.000311 0.000000

rectification
1.000000 0.000000 0.000000
0.000000 1.000000 0.000000
0.000000 0.000000 1.000000

projection
633.280945 0.000000 323.619307 0.000000
0.000000 635.096863 221.147140 0.000000
0.000000 0.000000 1.000000 0.000000

