%YAML:1.0
nframes: 25
image_width: 672
image_height: 376
board_width: 9
board_height: 6
camera_name: narrow_stereo/left
camera_matrix: !!opencv-matrix
  rows: 3
  cols: 3
  dt: d
  data: [361.157868, 0.000000, 335.500000, 0.000000, 361.157868, 187.500000, 0.000000, 0.000000, 1.000000]
distortion_model: plumb_bob
distortion_coefficients: !!opencv-matrix
  rows: 1
  cols: 5
  dt: d
  data: [-0.156579, 0.015280, -0.007990, 0.007383, 0.000000]
rectification_matrix: !!opencv-matrix
  rows: 3
  cols: 3
  dt: d
  data: [0.999707, 0.005500, -0.023558, -0.005783, 0.999912, -0.011939, 0.023491, 0.012072, 0.999651]
projection_matrix: !!opencv-matrix
  rows: 3
  cols: 4
  dt: d
  data: [368.862873, 0.000000, 361.163815, 0.000000, 0.000000, 368.862873, 177.024502, 0.000000, 0.000000, 0.000000, 1.000000, 0.000000]
